#' @export
#
# Some useful keyboard shortcuts for package authoring:
#
#   Install Package:           'Ctrl + Shift + B'
#   Check Package:             'Ctrl + Shift + E'
#   Test Package:              'Ctrl + Shift + T'

DragQueen_palettes <- list(
  `Yvie Oddly` = c("#FEDA84", "#FF7842", "#61D5C3", "#FE1E97"),
  `Willow Pill` = c("#DBDC53", "#DB436D", "#2E8ECD", "#6BC8F5"),
  `Violet Chachki` = c("#0B1835", "#335560", "#4C8CAA", "#B92CB7"),
  `Utica Queen` = c("#F23B70", "#76B5A9", "#563D7C", "#E3787D"),
  `Trixie Mattel` = c("#FCDFE4", "#F9A2B2", "#F7DA66", "#F4674C"),
  `Symone` = c("#FBCA39", "#F02F20", "#96B27A", "#DB8735"),
  `Shea Coulee` = c("#E0621F", "#00754A", "#90DC92", "#4B2F23"),
  `Shangela` = c("#7CCBCA", "#F1B6D1", "#E68884", "#D0D6D0"),
  `Sasha Velour` = c("#4BD9E2", "#E9759C", "#D90971", "#93214A"),
  `Anetra` = c("#FC042B", "#3E1250", "#96719C", "#443759"),
  `Sasha Colby` = c("#F79A35", "#0F3536", "#AA331B", "#32606E"),
  `Raja` = c("#CECBC6", "#5B0D39", "#FF72DC", "#60D6E6"),
  `Monet X Change` = c("#0B83BC", "#01DDF0", "#F29E44", "#F67919"),
  `MIB` = c("#7F041B", "#CE0B17", "#D0A597", "#E8E5F5"),
  `Kim Chi` = c("#FEC820", "#C71D67", "#FA4B15", "#EE2B4A"),
  `Katya` = c("#8F0C20", "#C70204", "#F30004", "#EF5A74"),
  `Jinkx` = c("#FC766D", "#FE79C8", "#FBA576", "#FD525B"),
  `Maddy Morphosis` = c("#FCB94D", "#F96094", "#750F20", "#93DF72"),
  `Sugar` = c("#FDBBDC", "#FCD29D", "#E98098", "#819BA1"),
  `Spice` = c("#933112", "#D83A29", "#C19C5D", "#203527"),
  `Jaida` = c("#A18DE2", "#9057B9", "#351B81", "#2F2430"),
  `Gottmik` = c("#F700AD", "#E8FA50", "#01F451", "#FF0017"),
  `Gigi Goode` = c("#D1422E", "#FDCF68", "#FAA252", "#F35C3A"),
  `Detox` = c("#520166", "#61A826", "#F6F842", "#35395C"),
  `Crystal Methyd` = c("#AC0811", "#0623C6", "#BDEA53", "#D48DFA"),
  `Bosco` = c("#C32039", "#6490A8", "#F2DA90", "#2C2F3E"),
  `Bob the Drag Queen` = c("#F22328", "#FCDB82", "#EB6B29", "#700220"),
  `Bianca Del Rio` = c("#F17194", "#FC8D0C", "#C15B29", "#993E46"),
  `BenDeLaCreme` = c("#FAE274", "#FE94C2", "#D4003B", "#3BE17E"),
  `Alaska` = c("#B61869", "#2C45C3", "#6F033F", "#5F5C5F"),
  `Alyssa Edwards` = c("#F9598E", "#BA4462", "#F5E0E7", "#E6574D"),
  `Adore Delano` = c("#5F5C5F", "#133840", "#346472", "#016DDC"),
  `RuPaul` = c("#575558", "#2C93CB", "#E18B6D", "#F2438C"),
  `Deja Skye` = c("#F0DD8F", "#ED7ABD", "#92B5B9", "#D7E0E1"),
  `Brooke Lynn Heights` = c("#FD8B44", "#9875BE", "#190147", "#FFE500"),
  `Michelle Visage` = c("#CEC9C6", "#050302", "#D69864", "#F0CBA3"),
  `Thorgy Thor` = c("#13BE8E", "#FED444", "#FC494B", "#FF84BB"),
  `Peppermint` = c("#1DA1A5", "#046E6F", "#F6ECD0", "#C0AB83"),
  `Trinity the Tuck` = c("#F4B4CE", "#0D98F4", "#599380", "#F86EB9"),
  `Bebe` = c("#DD7F01", "#2ADCA4", "#C5D826", "#F6D42A"),
  `Nina Flowers` = c("#A0B70D", "#6C4852", "#63B5DA", "#2A425C"),
  `Tammie Brown` = c("#FED83A", "#9B4471", "#6E0E14", "#123483"),
  `Jujubee` = c("#DE2400", "#FF8C00", "#F2B55B", "#E88871"),
  `Tatianna` = c("#412169", "#4568B0", "#B35BB9", "#FC90BF"),
  `Raven` = c("#BB705D", "#D8B396", "#EED2BC", "#D0AE76"),
  `Kylie Sonique Love` = c("#F8DB3C", "#099AAB", "#EB33A4", "#3FD6C2"),
  `Manila Luzon` = c("#FFCF00", "#EDD9BA", "#080808", "#F2427B"),
  `Alexis Mateo` = c("#FF883D", "#EB4D3F", "#742A0D", "#FFD15B"),
  `Latrice Royale` = c("#07C3EA", "#EE157D", "#F98920", "#D3AD1E"),
  `Roxxxy Andrews` = c("#CC631F", "#F08B2B", "#F9B58D", "#85C0D9"),
  `Laganja Estranja` = c("#396631", "#8BB17E", "#CBA55C", "#EAE27F"),
  `Ginger Minj` = c("#673769", "#E223A4", "#DB67D2", "#868AD4"),
  `Kennedy Davenport` = c("#B6B072", "#3E6474", "#692319", "#B69B97"),
  `Naomi Smalls` = c("#5C070D", "#B3CDDB", "#D11A2C", "#235F74"),
  `Chi Chi` = c("#98DAAA", "#00B5A6", "#AF2D47", "#CB8A42"),
  `Valentina` = c("#E1D6E1", "#E38D88", "#F1D03F", "#EFE3D7"),
  `Aja` = c("#96349D", "#00B2D2", "#FE2869", "#FA97C6"),
  `Farrah Moan` = c("#FCACAF", "#EA5B74", "#DB7869", "#F6EBE5"),
  `Cynthia Lee Fontaine` = c("#A8A9E8", "#A25ED9", "#963D91", "#492E69"),
  `Jaymes Mansfield` = c("#E497DC", "#C8115A", "#70BCD9", "#F0C987"),
  `Aquaria` = c("#4DC7D3", "#409795", "#DB4F47", "#03040D"),
  `Vanjie` = c("#F6E29E", "#FD006A", "#FF9201", "#F3C639"),
  `Eureka` = c("#B8D17D", "#C8DFD7", "#DA8977", "#70BF9F"),
  `Monique Heart` = c("#CB1B54", "#8197CD", "#D8E9FB", "#A5DAF1"),
  `Silky` = c("#BF0208", "#F7E2AD", "#FF890C", "#3BCFD9"),
  `Plastique Tiara` = c("#003E4B", "#E7EEDE", "#A6BDC0", "#187883"),
  `RaJah Ohara` = c("#FCDF52", "#FC644C", "#8B6EE5", "#3B2D68"),
  `Heidi N Closet` = c("#BA67C6", "#74274F", "#F2A745", "#BB846E"),
  `Rose` = c("#FA6DAA", "#FD0863", "#E76D89", "#FC204B"),
  `Denali` = c("#ABE400", "#00AC31", "#E5DA41", "#006EA9"),
  `Lady Camden` = c("#FCA5C8", "#FA2A80", "#F7B02F", "#FEF5BD"),
  `Angeria` = c("#75E7CD", "#004C47", "#FFC7EF", "#FB75D2"),
  `Kerri Colby` = c("#34AF96", "#068E82", "#C1CA5A", "#086025"),
  `Kornbread` = c("#00855C", "#0C86D8", "#64547F", "#020359"),
  `Luxx` = c("#7BC7CC", "#B3ACCA", "#8379AD", "#544A7E"),
  `Salina EsTitties` = c("#9A9A9C", "#46303A", "#897B78", "#8C99A9"),
  `Kandy Muse` = c("#BCDFD4", "#85D9AE", "#E16353", "#E3722E")
)
